[gd_scene load_steps=12 format=3 uid="uid://md1rwsejbi5k"]

[ext_resource type="Script" uid="uid://d1dhfvthoypkn" path="res://scripts/player/BasePlayerGun.cs" id="1_xvrm1"]
[ext_resource type="Resource" uid="uid://d2o0fpxs61pyb" path="res://resources/weapons/pistolStats.tres" id="2_7w0ha"]
[ext_resource type="ArrayMesh" uid="uid://bkyesufwq30sq" path="res://assets/weapons/pistolTest/meshes/pistolViewModel_Mesh.res" id="3_lnhe8"]
[ext_resource type="ArrayMesh" uid="uid://d3agrhrxqjjae" path="res://assets/weapons/pistolTest/meshes/pistolViewModel_Cube_004.res" id="4_xvrm1"]
[ext_resource type="ArrayMesh" uid="uid://dtdpq14fxokt3" path="res://assets/weapons/pistolTest/meshes/pistolViewModel_Cube_006.res" id="5_7w0ha"]
[ext_resource type="ArrayMesh" uid="uid://bfj0p6g5ut5kv" path="res://assets/weapons/pistolTest/meshes/pistolViewModel_Cube_005.res" id="6_au80x"]

[sub_resource type="Skin" id="Skin_6k0ey"]
resource_name = "Skin"
bind_count = 50
bind/0/name = &"Root"
bind/0/bone = -1
bind/0/pose = Transform3D(1, -3.89414e-07, 2.32109e-14, 2.32109e-14, 1.19209e-07, 1, -3.89414e-07, -1, 1.19209e-07, 0, 0, 0)
bind/1/name = &"Arm.L"
bind/1/bone = -1
bind/1/pose = Transform3D(0.982088, -0.0919426, -0.16447, 0.109152, -0.433896, 0.894327, -0.15359, -0.896259, -0.416088, -0.173095, 0.0574204, 0.143084)
bind/2/name = &"Forearm.L"
bind/2/bone = -1
bind/2/pose = Transform3D(0.990324, -0.136932, -0.0225217, -7.45058e-09, -0.162293, 0.986743, -0.138772, -0.977195, -0.160723, -0.198364, -0.169751, 0.0976259)
bind/3/name = &"Hand.L"
bind/3/bone = -1
bind/3/pose = Transform3D(0.965506, -0.155257, 0.209031, -0.237729, -0.198107, 0.950914, -0.106226, -0.967806, -0.228183, -0.289475, -0.345444, 0.118847)
bind/4/name = &"Index1.L"
bind/4/bone = -1
bind/4/pose = Transform3D(0.958778, 0.080749, 0.272443, -0.242276, -0.268701, 0.932256, 0.148484, -0.959833, -0.238061, -0.322823, -0.464345, 0.116838)
bind/5/name = &"Index2.L"
bind/5/bone = -1
bind/5/pose = Transform3D(0.866222, 0.00309291, 0.499649, -0.472734, -0.318757, 0.821533, 0.161807, -0.947832, -0.274652, -0.439962, -0.399969, 0.135973)
bind/6/name = &"Index3.L"
bind/6/bone = -1
bind/6/pose = Transform3D(0.663097, -0.12593, 0.737864, -0.723056, -0.362749, 0.587879, 0.193628, -0.923339, -0.331593, -0.555776, -0.251975, 0.166185)
bind/7/name = &"Middle1.L"
bind/7/bone = -1
bind/7/pose = Transform3D(0.872494, -0.000350744, 0.488625, -0.447264, -0.403227, 0.79835, 0.196747, -0.9151, -0.35197, -0.432677, -0.356866, 0.143979)
bind/8/name = &"Middle2.L"
bind/8/bone = -1
bind/8/pose = Transform3D(0.759268, -0.0538128, 0.64855, -0.618239, -0.370825, 0.693014, 0.203206, -0.927142, -0.314825, -0.509648, -0.316903, 0.120659)
bind/9/name = &"Middle3.L"
bind/9/bone = -1
bind/9/pose = Transform3D(0.587525, -0.192596, 0.785953, -0.794327, -0.322663, 0.514717, 0.154465, -0.926712, -0.342556, -0.574295, -0.211134, 0.144766)
bind/10/name = &"Ring1.L"
bind/10/bone = -1
bind/10/pose = Transform3D(0.770252, -0.0522573, 0.635595, -0.594855, -0.41817, 0.686499, 0.229912, -0.906864, -0.353182, -0.493425, -0.268042, 0.110463)
bind/11/name = &"Ring2.L"
bind/11/bone = -1
bind/11/pose = Transform3D(0.736345, -0.037545, 0.675564, -0.619835, -0.437777, 0.651272, 0.271295, -0.898299, -0.345627, -0.509821, -0.296095, 0.0998301)
bind/12/name = &"Ring3.L"
bind/12/bone = -1
bind/12/pose = Transform3D(0.446562, -0.2229, 0.866543, -0.848589, -0.412571, 0.331184, 0.283689, -0.883233, -0.373389, -0.593023, -0.0997812, 0.11546)
bind/13/name = &"Pinky1.L"
bind/13/bone = -1
bind/13/pose = Transform3D(0.697303, -0.146389, 0.701669, -0.689296, -0.405413, 0.600426, 0.19657, -0.902336, -0.383601, -0.511113, -0.204411, 0.10479)
bind/14/name = &"Pinky2.L"
bind/14/bone = -1
bind/14/pose = Transform3D(0.595402, -0.191269, 0.780328, -0.767182, -0.423787, 0.481495, 0.238598, -0.885337, -0.399061, -0.541161, -0.172488, 0.107748)
bind/15/name = &"Pinky3.L"
bind/15/bone = -1
bind/15/pose = Transform3D(0.51233, -0.249056, 0.821881, -0.824295, -0.411122, 0.389252, 0.240948, -0.876898, -0.415926, -0.557, -0.12987, 0.117545)
bind/16/name = &"Thumb1.L"
bind/16/bone = -1
bind/16/pose = Transform3D(0.188172, 0.969269, -0.158458, -0.605006, 0.241491, 0.758716, 0.773666, -0.0469009, 0.631856, 0.0170294, -0.244529, -0.42368)
bind/17/name = &"Thumb2.L"
bind/17/bone = -1
bind/17/pose = Transform3D(0.102331, 0.993399, -0.0518427, -0.69134, 0.108495, 0.714338, 0.715247, -0.0372582, 0.697878, -0.0223401, -0.244278, -0.447084)
bind/18/name = &"Thumb3.L"
bind/18/bone = -1
bind/18/pose = Transform3D(0.0439302, 0.998787, 0.0222425, -0.570379, 0.00679626, 0.821354, 0.820206, -0.0487689, 0.569985, -0.0533901, -0.351921, -0.393918)
bind/19/name = &"ThumbControl.L"
bind/19/bone = -1
bind/19/pose = Transform3D(0.188172, 0.969269, -0.158458, -0.605006, 0.241491, 0.758715, 0.773665, -0.046901, 0.631856, 0.0170293, -0.244529, -0.42368)
bind/20/name = &"IndexControl.L"
bind/20/bone = -1
bind/20/pose = Transform3D(0.958778, 0.0807495, 0.272443, -0.242276, -0.268701, 0.932256, 0.148485, -0.959833, -0.238061, -0.322823, -0.464345, 0.116838)
bind/21/name = &"MiddleControl.L"
bind/21/bone = -1
bind/21/pose = Transform3D(0.872494, -0.000351116, 0.488625, -0.447264, -0.403227, 0.79835, 0.196747, -0.9151, -0.35197, -0.432677, -0.356866, 0.14398)
bind/22/name = &"RingControl.L"
bind/22/bone = -1
bind/22/pose = Transform3D(0.815357, -0.0214313, 0.578561, -0.545876, -0.361422, 0.755906, 0.192905, -0.932156, -0.306387, -0.470461, -0.312711, 0.091622)
bind/23/name = &"PinkyControl.L"
bind/23/bone = -1
bind/23/pose = Transform3D(0.697303, -0.146389, 0.701669, -0.689296, -0.405413, 0.600426, 0.19657, -0.902336, -0.383601, -0.511113, -0.204411, 0.10479)
bind/24/name = &"Arm.R"
bind/24/bone = -1
bind/24/pose = Transform3D(0.982088, 0.0919426, 0.16447, -0.109152, -0.433896, 0.894327, 0.15359, -0.89626, -0.416088, 0.173095, 0.0574204, 0.143084)
bind/25/name = &"Forearm.R"
bind/25/bone = -1
bind/25/pose = Transform3D(0.990324, 0.136932, 0.0225217, 3.72529e-09, -0.162293, 0.986743, 0.138772, -0.977195, -0.160723, 0.198364, -0.169751, 0.0976259)
bind/26/name = &"Hand.R"
bind/26/bone = -1
bind/26/pose = Transform3D(0.965506, 0.155257, -0.209031, 0.237729, -0.198107, 0.950915, 0.106226, -0.967806, -0.228183, 0.289475, -0.345444, 0.118847)
bind/27/name = &"Index1.R"
bind/27/bone = -1
bind/27/pose = Transform3D(0.958778, -0.0807489, -0.272443, 0.242277, -0.268702, 0.932256, -0.148485, -0.959833, -0.238061, 0.322823, -0.464345, 0.116838)
bind/28/name = &"Index2.R"
bind/28/bone = -1
bind/28/pose = Transform3D(0.866222, -0.00309289, -0.499649, 0.472734, -0.318757, 0.821533, -0.161807, -0.947832, -0.274652, 0.439962, -0.399969, 0.135974)
bind/29/name = &"Index3.R"
bind/29/bone = -1
bind/29/pose = Transform3D(0.663097, 0.12593, -0.737864, 0.723056, -0.36275, 0.58788, -0.193628, -0.923339, -0.331593, 0.555776, -0.251975, 0.166186)
bind/30/name = &"Middle1.R"
bind/30/bone = -1
bind/30/pose = Transform3D(0.872494, 0.000350729, -0.488625, 0.447264, -0.403227, 0.79835, -0.196747, -0.9151, -0.35197, 0.432677, -0.356866, 0.143979)
bind/31/name = &"Middle2.R"
bind/31/bone = -1
bind/31/pose = Transform3D(0.759268, 0.0538128, -0.64855, 0.618239, -0.370826, 0.693014, -0.203206, -0.927142, -0.314825, 0.509648, -0.316903, 0.120659)
bind/32/name = &"Middle3.R"
bind/32/bone = -1
bind/32/pose = Transform3D(0.587525, 0.192596, -0.785953, 0.794327, -0.322663, 0.514717, -0.154465, -0.926713, -0.342556, 0.574295, -0.211134, 0.144766)
bind/33/name = &"Ring1.R"
bind/33/bone = -1
bind/33/pose = Transform3D(0.770252, 0.0522573, -0.635595, 0.594855, -0.41817, 0.6865, -0.229912, -0.906864, -0.353182, 0.493425, -0.268042, 0.110463)
bind/34/name = &"Ring2.R"
bind/34/bone = -1
bind/34/pose = Transform3D(0.736345, 0.037545, -0.675564, 0.619836, -0.437778, 0.651272, -0.271295, -0.898299, -0.345627, 0.509821, -0.296095, 0.0998301)
bind/35/name = &"Ring3.R"
bind/35/bone = -1
bind/35/pose = Transform3D(0.446563, 0.2229, -0.866543, 0.848588, -0.412571, 0.331184, -0.283689, -0.883233, -0.373389, 0.593023, -0.0997813, 0.11546)
bind/36/name = &"Pinky1.R"
bind/36/bone = -1
bind/36/pose = Transform3D(0.697303, 0.146389, -0.701669, 0.689296, -0.405413, 0.600426, -0.19657, -0.902336, -0.383601, 0.511113, -0.204411, 0.10479)
bind/37/name = &"Pinky2.R"
bind/37/bone = -1
bind/37/pose = Transform3D(0.595402, 0.191269, -0.780329, 0.767182, -0.423787, 0.481495, -0.238598, -0.885337, -0.399061, 0.541161, -0.172488, 0.107748)
bind/38/name = &"Pinky3.R"
bind/38/bone = -1
bind/38/pose = Transform3D(0.51233, 0.249056, -0.821881, 0.824295, -0.411122, 0.389252, -0.240948, -0.876898, -0.415926, 0.557, -0.12987, 0.117545)
bind/39/name = &"Thumb1.R"
bind/39/bone = -1
bind/39/pose = Transform3D(0.188172, -0.969269, 0.158458, 0.605007, 0.241491, 0.758716, -0.773666, -0.046901, 0.631856, -0.0170294, -0.244529, -0.42368)
bind/40/name = &"Thumb2.R"
bind/40/bone = -1
bind/40/pose = Transform3D(0.102331, -0.993399, 0.0518428, 0.69134, 0.108495, 0.714338, -0.715247, -0.0372583, 0.697878, 0.0223401, -0.244278, -0.447084)
bind/41/name = &"Thumb3.R"
bind/41/bone = -1
bind/41/pose = Transform3D(0.0439302, -0.998787, -0.0222425, 0.570379, 0.00679613, 0.821354, -0.820206, -0.048769, 0.569985, 0.0533902, -0.351921, -0.393918)
bind/42/name = &"ThumbControl.R"
bind/42/bone = -1
bind/42/pose = Transform3D(0.188172, -0.969269, 0.158458, 0.605007, 0.241491, 0.758715, -0.773665, -0.046901, 0.631856, -0.0170293, -0.244529, -0.42368)
bind/43/name = &"IndexControl.R"
bind/43/bone = -1
bind/43/pose = Transform3D(0.958778, -0.0807495, -0.272443, 0.242276, -0.268701, 0.932256, -0.148485, -0.959833, -0.238061, 0.322823, -0.464345, 0.116838)
bind/44/name = &"MiddleControl.R"
bind/44/bone = -1
bind/44/pose = Transform3D(0.872494, 0.000351101, -0.488625, 0.447264, -0.403227, 0.79835, -0.196747, -0.9151, -0.35197, 0.432677, -0.356866, 0.14398)
bind/45/name = &"RingControl.R"
bind/45/bone = -1
bind/45/pose = Transform3D(0.815358, 0.0214313, -0.578561, 0.545876, -0.361422, 0.755906, -0.192905, -0.932156, -0.306387, 0.470461, -0.312711, 0.091622)
bind/46/name = &"PinkyControl.R"
bind/46/bone = -1
bind/46/pose = Transform3D(0.697303, 0.146389, -0.701669, 0.689296, -0.405413, 0.600426, -0.19657, -0.902336, -0.383601, 0.511113, -0.204411, 0.10479)
bind/47/name = &"Hand.Pole.L"
bind/47/bone = -1
bind/47/pose = Transform3D(-0.021395, -0.977675, -0.209031, 0.237729, 0.198107, -0.950915, 0.971096, -0.0700375, 0.228183, 0.0930803, -0.315901, -0.298758)
bind/48/name = &"Hand.Pole.R"
bind/48/bone = -1
bind/48/pose = Transform3D(-0.021395, 0.977675, 0.209031, -0.237729, 0.198107, -0.950915, -0.971096, -0.0700375, 0.228183, -0.0930803, -0.315901, -0.298758)
bind/49/name = &"Camera"
bind/49/bone = -1
bind/49/pose = Transform3D(1, 0, 0, 0, 0, -1, 0, 1, 0, 0, 0, 0)

[sub_resource type="Skin" id="Skin_3q3ef"]
resource_name = "Skin2"
bind_count = 3
bind/0/name = &"gRoot"
bind/0/bone = -1
bind/0/pose = Transform3D(4.37114e-08, -1, 1.19209e-07, 2.70205e-07, 1.19209e-07, 1, -1, -4.37113e-08, 2.70205e-07, 0, 0, 0)
bind/1/name = &"gSlide"
bind/1/bone = -1
bind/1/pose = Transform3D(4.37114e-08, -1, 2.21087e-07, 7.54979e-08, 2.21087e-07, 1, -1, -4.37114e-08, 7.54979e-08, 0.0666314, 0.010963, 2.75775e-08)
bind/2/name = &"gMag"
bind/2/bone = -1
bind/2/pose = Transform3D(1, 1.0868e-07, -9.20866e-08, -7.45549e-08, 0.94598, 0.324226, 1.21113e-07, -0.324226, 0.94598, -1.17436e-08, 0.0714594, 0.0470957)

[sub_resource type="Animation" id="Animation_8ewrx"]
resource_name = "Attack"
length = 0.266667
tracks/0/type = "position_3d"
tracks/0/imported = true
tracks/0/enabled = true
tracks/0/path = NodePath("Armature/Skeleton3D:Arm.L")
tracks/0/interp = 0
tracks/0/loop_wrap = true
tracks/0/keys = PackedFloat32Array(0, 1, 0.0303654, -0.0592858, 0.137657)
tracks/1/type = "rotation_3d"
tracks/1/imported = true
tracks/1/enabled = true
tracks/1/path = NodePath("Armature/Skeleton3D:Arm.L")
tracks/1/interp = 1
tracks/1/loop_wrap = true
tracks/1/keys = PackedFloat32Array(0, 1, 0.348198, -0.398355, -0.0591588, 0.846506, 0.0666667, 1, 0.348198, -0.398355, -0.0591588, 0.846506, 0.1, 1, 0.389478, -0.38872, -0.0807083, 0.831077, 0.133333, 1, 0.410439, -0.382057, -0.0920511, 0.82286, 0.166667, 1, 0.409984, -0.381557, -0.0922128, 0.823301, 0.2, 1, 0.404746, -0.380455, -0.0909403, 0.826537, 0.233333, 1, 0.368636, -0.391851, -0.0712117, 0.839934, 0.266667, 1, 0.348198, -0.398355, -0.0591588, 0.846506)
tracks/2/type = "rotation_3d"
tracks/2/imported = true
tracks/2/enabled = true
tracks/2/path = NodePath("Armature/Skeleton3D:Forearm.L")
tracks/2/interp = 1
tracks/2/loop_wrap = true
tracks/2/keys = PackedFloat32Array(0, 1, 0.012494, -0.40001, 0.409079, 0.820055, 0.0666667, 1, 0.012494, -0.40001, 0.409079, 0.820055, 0.1, 1, 0.0133897, -0.393988, 0.438404, 0.80771, 0.133333, 1, 0.0141424, -0.388526, 0.463049, 0.796513, 0.166667, 1, 0.0143636, -0.386849, 0.470292, 0.793075, 0.2, 1, 0.0151485, -0.380625, 0.49599, 0.780314, 0.233333, 1, 0.0136036, -0.392474, 0.445408, 0.804606, 0.266667, 1, 0.012494, -0.40001, 0.409079, 0.820055)
tracks/3/type = "rotation_3d"
tracks/3/imported = true
tracks/3/enabled = true
tracks/3/path = NodePath("Armature/Skeleton3D:Hand.L")
tracks/3/interp = 1
tracks/3/loop_wrap = true
tracks/3/keys = PackedFloat32Array(0, 1, -0.0688942, 0.0847323, -0.000434425, 0.994019, 0.0666667, 1, -0.0688942, 0.0847323, -0.000434425, 0.994019, 0.1, 1, -0.0455196, 0.117503, 0.0862774, 0.98827, 0.133333, 1, -0.0415268, 0.12967, 0.107225, 0.984868, 0.166667, 1, -0.0487003, 0.125527, 0.086924, 0.987074, 0.2, 1, -0.0784532, 0.106797, 0.00321037, 0.991176, 0.233333, 1, -0.0759066, 0.0905357, -0.00865048, 0.992959, 0.266667, 1, -0.0688942, 0.0847323, -0.000434425, 0.994019)
tracks/4/type = "rotation_3d"
tracks/4/imported = true
tracks/4/enabled = true
tracks/4/path = NodePath("Armature/Skeleton3D:Index1.L")
tracks/4/interp = 0
tracks/4/loop_wrap = true
tracks/4/keys = PackedFloat32Array(0, 1, 0.0574504, 0.113838, 0.178246, 0.975689)
tracks/5/type = "rotation_3d"
tracks/5/imported = true
tracks/5/enabled = true
tracks/5/path = NodePath("Armature/Skeleton3D:Index2.L")
tracks/5/interp = 0
tracks/5/loop_wrap = true
tracks/5/keys = PackedFloat32Array(0, 1, 0.0194193, -0.006164, 0.389453, 0.920821)
tracks/6/type = "rotation_3d"
tracks/6/imported = true
tracks/6/enabled = true
tracks/6/path = NodePath("Armature/Skeleton3D:Index3.L")
tracks/6/interp = 0
tracks/6/loop_wrap = true
tracks/6/keys = PackedFloat32Array(0, 1, 0.0313266, -0.0152418, 0.426752, 0.903698)
tracks/7/type = "rotation_3d"
tracks/7/imported = true
tracks/7/enabled = true
tracks/7/path = NodePath("Armature/Skeleton3D:Middle1.L")
tracks/7/interp = 0
tracks/7/loop_wrap = true
tracks/7/keys = PackedFloat32Array(0, 1, 0.106416, 0.101413, 0.215012, 0.965485)
tracks/8/type = "rotation_3d"
tracks/8/imported = true
tracks/8/enabled = true
tracks/8/path = NodePath("Armature/Skeleton3D:Middle2.L")
tracks/8/interp = 0
tracks/8/loop_wrap = true
tracks/8/keys = PackedFloat32Array(0, 1, -0.0103358, 0.0168759, 0.367397, 0.929854)
tracks/9/type = "rotation_3d"
tracks/9/imported = true
tracks/9/enabled = true
tracks/9/path = NodePath("Armature/Skeleton3D:Middle3.L")
tracks/9/interp = 0
tracks/9/loop_wrap = true
tracks/9/keys = PackedFloat32Array(0, 1, -0.0157438, -0.0232023, 0.392128, 0.919483)
tracks/10/type = "rotation_3d"
tracks/10/imported = true
tracks/10/enabled = true
tracks/10/path = NodePath("Armature/Skeleton3D:Ring1.L")
tracks/10/interp = 0
tracks/10/loop_wrap = true
tracks/10/keys = PackedFloat32Array(0, 1, 0.14206, 0.113582, 0.258456, 0.948746)
tracks/11/type = "rotation_3d"
tracks/11/imported = true
tracks/11/enabled = true
tracks/11/path = NodePath("Armature/Skeleton3D:Ring2.L")
tracks/11/interp = 0
tracks/11/loop_wrap = true
tracks/11/keys = PackedFloat32Array(0, 1, 0.0151235, 0.0152322, 0.214218, 0.97655)
tracks/12/type = "rotation_3d"
tracks/12/imported = true
tracks/12/enabled = true
tracks/12/path = NodePath("Armature/Skeleton3D:Ring3.L")
tracks/12/interp = 0
tracks/12/loop_wrap = true
tracks/12/keys = PackedFloat32Array(0, 1, 0.0129928, -0.01091, 0.383167, 0.923523)
tracks/13/type = "rotation_3d"
tracks/13/imported = true
tracks/13/enabled = true
tracks/13/path = NodePath("Armature/Skeleton3D:Pinky1.L")
tracks/13/interp = 0
tracks/13/loop_wrap = true
tracks/13/keys = PackedFloat32Array(0, 1, 0.151334, 0.0844371, 0.301945, 0.937442)
tracks/14/type = "rotation_3d"
tracks/14/imported = true
tracks/14/enabled = true
tracks/14/path = NodePath("Armature/Skeleton3D:Pinky2.L")
tracks/14/interp = 0
tracks/14/loop_wrap = true
tracks/14/keys = PackedFloat32Array(0, 1, 0.0235453, 0.00438329, 0.155281, 0.98758)
tracks/15/type = "rotation_3d"
tracks/15/imported = true
tracks/15/enabled = true
tracks/15/path = NodePath("Armature/Skeleton3D:Pinky3.L")
tracks/15/interp = 0
tracks/15/loop_wrap = true
tracks/15/keys = PackedFloat32Array(0, 1, 0.00573318, -0.00757755, 0.14181, 0.989848)
tracks/16/type = "rotation_3d"
tracks/16/imported = true
tracks/16/enabled = true
tracks/16/path = NodePath("Armature/Skeleton3D:Thumb1.L")
tracks/16/interp = 0
tracks/16/loop_wrap = true
tracks/16/keys = PackedFloat32Array(0, 1, -0.206263, 0.63722, 0.092483, 0.736786)
tracks/17/type = "rotation_3d"
tracks/17/imported = true
tracks/17/enabled = true
tracks/17/path = NodePath("Armature/Skeleton3D:Thumb2.L")
tracks/17/interp = 0
tracks/17/loop_wrap = true
tracks/17/keys = PackedFloat32Array(0, 1, -0.0442703, -0.00251373, 0.0802114, 0.995791)
tracks/18/type = "rotation_3d"
tracks/18/imported = true
tracks/18/enabled = true
tracks/18/path = NodePath("Armature/Skeleton3D:Thumb3.L")
tracks/18/interp = 0
tracks/18/loop_wrap = true
tracks/18/keys = PackedFloat32Array(0, 1, 0.0829034, -0.00185019, 0.0580059, 0.994866)
tracks/19/type = "rotation_3d"
tracks/19/imported = true
tracks/19/enabled = true
tracks/19/path = NodePath("Armature/Skeleton3D:ThumbControl.L")
tracks/19/interp = 0
tracks/19/loop_wrap = true
tracks/19/keys = PackedFloat32Array(0, 1, -0.206263, 0.637219, 0.0924831, 0.736786)
tracks/20/type = "scale_3d"
tracks/20/imported = true
tracks/20/enabled = true
tracks/20/path = NodePath("Armature/Skeleton3D:ThumbControl.L")
tracks/20/interp = 0
tracks/20/loop_wrap = true
tracks/20/keys = PackedFloat32Array(0, 1, 0.989665, 0.989665, 0.989665)
tracks/21/type = "rotation_3d"
tracks/21/imported = true
tracks/21/enabled = true
tracks/21/path = NodePath("Armature/Skeleton3D:IndexControl.L")
tracks/21/interp = 0
tracks/21/loop_wrap = true
tracks/21/keys = PackedFloat32Array(0, 1, 0.0574503, 0.113838, 0.178246, 0.975689)
tracks/22/type = "scale_3d"
tracks/22/imported = true
tracks/22/enabled = true
tracks/22/path = NodePath("Armature/Skeleton3D:IndexControl.L")
tracks/22/interp = 0
tracks/22/loop_wrap = true
tracks/22/keys = PackedFloat32Array(0, 1, 0.74114, 0.74114, 0.74114)
tracks/23/type = "rotation_3d"
tracks/23/imported = true
tracks/23/enabled = true
tracks/23/path = NodePath("Armature/Skeleton3D:MiddleControl.L")
tracks/23/interp = 0
tracks/23/loop_wrap = true
tracks/23/keys = PackedFloat32Array(0, 1, 0.106416, 0.101413, 0.215012, 0.965485)
tracks/24/type = "scale_3d"
tracks/24/imported = true
tracks/24/enabled = true
tracks/24/path = NodePath("Armature/Skeleton3D:MiddleControl.L")
tracks/24/interp = 0
tracks/24/loop_wrap = true
tracks/24/keys = PackedFloat32Array(0, 1, 0.736982, 0.736982, 0.736982)
tracks/25/type = "rotation_3d"
tracks/25/imported = true
tracks/25/enabled = true
tracks/25/path = NodePath("Armature/Skeleton3D:RingControl.L")
tracks/25/interp = 0
tracks/25/loop_wrap = true
tracks/25/keys = PackedFloat32Array(0, 1, 0.105932, 0.113995, 0.224804, 0.961898)
tracks/26/type = "scale_3d"
tracks/26/imported = true
tracks/26/enabled = true
tracks/26/path = NodePath("Armature/Skeleton3D:RingControl.L")
tracks/26/interp = 0
tracks/26/loop_wrap = true
tracks/26/keys = PackedFloat32Array(0, 1, 0.813397, 0.813397, 0.813397)
tracks/27/type = "rotation_3d"
tracks/27/imported = true
tracks/27/enabled = true
tracks/27/path = NodePath("Armature/Skeleton3D:PinkyControl.L")
tracks/27/interp = 0
tracks/27/loop_wrap = true
tracks/27/keys = PackedFloat32Array(0, 1, 0.151334, 0.084437, 0.301945, 0.937442)
tracks/28/type = "scale_3d"
tracks/28/imported = true
tracks/28/enabled = true
tracks/28/path = NodePath("Armature/Skeleton3D:PinkyControl.L")
tracks/28/interp = 0
tracks/28/loop_wrap = true
tracks/28/keys = PackedFloat32Array(0, 1, 0.915942, 0.915942, 0.915942)
tracks/29/type = "position_3d"
tracks/29/imported = true
tracks/29/enabled = true
tracks/29/path = NodePath("Armature/Skeleton3D:Arm.R")
tracks/29/interp = 0
tracks/29/loop_wrap = true
tracks/29/keys = PackedFloat32Array(0, 1, -0.169373, -0.0202861, 0.0702958)
tracks/30/type = "rotation_3d"
tracks/30/imported = true
tracks/30/enabled = true
tracks/30/path = NodePath("Armature/Skeleton3D:Arm.R")
tracks/30/interp = 1
tracks/30/loop_wrap = true
tracks/30/keys = PackedFloat32Array(0, 1, 0.431839, 0.193583, 0.139179, 0.869868, 0.0666667, 1, 0.431839, 0.193583, 0.139179, 0.869868, 0.1, 1, 0.49836, 0.214973, 0.150429, 0.826314, 0.133333, 1, 0.525662, 0.221541, 0.155694, 0.806448, 0.166667, 1, 0.519862, 0.218162, 0.155108, 0.811228, 0.2, 1, 0.49281, 0.203157, 0.152793, 0.832178, 0.233333, 1, 0.451196, 0.195401, 0.144081, 0.858767, 0.266667, 1, 0.431839, 0.193583, 0.139179, 0.869868)
tracks/31/type = "rotation_3d"
tracks/31/imported = true
tracks/31/enabled = true
tracks/31/path = NodePath("Armature/Skeleton3D:Forearm.R")
tracks/31/interp = 1
tracks/31/loop_wrap = true
tracks/31/keys = PackedFloat32Array(0, 1, -0.530716, -1.87542e-08, -0.295007, 0.794551, 0.0666667, 1, -0.530716, -1.87542e-08, -0.295007, 0.794551, 0.1, 1, -0.573675, -1.97508e-08, -0.318886, 0.754459, 0.133333, 1, -0.59352, -7.10458e-08, -0.329917, 0.73409, 0.166667, 1, -0.593343, -4.05873e-08, -0.329819, 0.734278, 0.2, 1, -0.58988, -9.08705e-08, -0.327894, 0.737921, 0.233333, 1, -0.55257, -4.80804e-08, -0.307155, 0.774805, 0.266667, 1, -0.530716, -1.87542e-08, -0.295007, 0.794551)
tracks/32/type = "rotation_3d"
tracks/32/imported = true
tracks/32/enabled = true
tracks/32/path = NodePath("Armature/Skeleton3D:Hand.R")
tracks/32/interp = 1
tracks/32/loop_wrap = true
tracks/32/keys = PackedFloat32Array(0, 1, 0.214531, -0.024315, -0.015823, 0.976286, 0.0666667, 1, 0.214531, -0.024315, -0.015823, 0.976286, 0.1, 1, 0.14249, -0.0607105, -0.0631642, 0.985911, 0.133333, 1, 0.122089, -0.0715699, -0.0795755, 0.986732, 0.166667, 1, 0.139172, -0.0660086, -0.0689159, 0.98566, 0.2, 1, 0.208058, -0.0405804, -0.026148, 0.976924, 0.233333, 1, 0.219418, -0.0272989, -0.0149296, 0.975135, 0.266667, 1, 0.214531, -0.024315, -0.015823, 0.976286)
tracks/33/type = "rotation_3d"
tracks/33/imported = true
tracks/33/enabled = true
tracks/33/path = NodePath("Armature/Skeleton3D:Index1.R")
tracks/33/interp = 0
tracks/33/loop_wrap = true
tracks/33/keys = PackedFloat32Array(0, 1, -0.0145858, -0.121871, -0.00942135, 0.992394)
tracks/34/type = "rotation_3d"
tracks/34/imported = true
tracks/34/enabled = true
tracks/34/path = NodePath("Armature/Skeleton3D:Index2.R")
tracks/34/interp = 0
tracks/34/loop_wrap = true
tracks/34/keys = PackedFloat32Array(0, 1, 0.018956, 0.0074681, -0.451068, 0.892257)
tracks/35/type = "rotation_3d"
tracks/35/imported = true
tracks/35/enabled = true
tracks/35/path = NodePath("Armature/Skeleton3D:Index3.R")
tracks/35/interp = 0
tracks/35/loop_wrap = true
tracks/35/keys = PackedFloat32Array(0, 1, 0.0302196, 0.0173334, -0.487118, 0.872641)
tracks/36/type = "rotation_3d"
tracks/36/imported = true
tracks/36/enabled = true
tracks/36/path = NodePath("Armature/Skeleton3D:Middle1.R")
tracks/36/interp = 0
tracks/36/loop_wrap = true
tracks/36/keys = PackedFloat32Array(0, 1, 0.205315, -0.0796304, -0.536996, 0.814334)
tracks/37/type = "rotation_3d"
tracks/37/imported = true
tracks/37/enabled = true
tracks/37/path = NodePath("Armature/Skeleton3D:Middle2.R")
tracks/37/interp = 0
tracks/37/loop_wrap = true
tracks/37/keys = PackedFloat32Array(0, 1, -0.0086743, -0.0177871, -0.454649, 0.890451)
tracks/38/type = "rotation_3d"
tracks/38/imported = true
tracks/38/enabled = true
tracks/38/path = NodePath("Armature/Skeleton3D:Middle3.R")
tracks/38/interp = 0
tracks/38/loop_wrap = true
tracks/38/keys = PackedFloat32Array(0, 1, -0.0178908, 0.0215901, -0.478274, 0.877763)
tracks/39/type = "rotation_3d"
tracks/39/imported = true
tracks/39/enabled = true
tracks/39/path = NodePath("Armature/Skeleton3D:Ring1.R")
tracks/39/interp = 0
tracks/39/loop_wrap = true
tracks/39/keys = PackedFloat32Array(0, 1, 0.16, -0.0880578, -0.515276, 0.837339)
tracks/40/type = "rotation_3d"
tracks/40/imported = true
tracks/40/enabled = true
tracks/40/path = NodePath("Armature/Skeleton3D:Ring2.R")
tracks/40/interp = 0
tracks/40/loop_wrap = true
tracks/40/keys = PackedFloat32Array(0, 1, 0.0184406, -0.0109857, -0.450682, 0.892426)
tracks/41/type = "rotation_3d"
tracks/41/imported = true
tracks/41/enabled = true
tracks/41/path = NodePath("Armature/Skeleton3D:Ring3.R")
tracks/41/interp = 0
tracks/41/loop_wrap = true
tracks/41/keys = PackedFloat32Array(0, 1, 0.00986626, 0.0138022, -0.601101, 0.798993)
tracks/42/type = "rotation_3d"
tracks/42/imported = true
tracks/42/enabled = true
tracks/42/path = NodePath("Armature/Skeleton3D:Pinky1.R")
tracks/42/interp = 0
tracks/42/loop_wrap = true
tracks/42/keys = PackedFloat32Array(0, 1, 0.158254, -0.047978, -0.493823, 0.853694)
tracks/43/type = "rotation_3d"
tracks/43/imported = true
tracks/43/enabled = true
tracks/43/path = NodePath("Armature/Skeleton3D:Pinky2.R")
tracks/43/interp = 0
tracks/43/loop_wrap = true
tracks/43/keys = PackedFloat32Array(0, 1, 0.0237358, 0.0031945, -0.456137, 0.889587)
tracks/44/type = "rotation_3d"
tracks/44/imported = true
tracks/44/enabled = true
tracks/44/path = NodePath("Armature/Skeleton3D:Pinky3.R")
tracks/44/interp = 0
tracks/44/loop_wrap = true
tracks/44/keys = PackedFloat32Array(0, 1, 0.00307788, 0.00898972, -0.44405, 0.895952)
tracks/45/type = "rotation_3d"
tracks/45/imported = true
tracks/45/enabled = true
tracks/45/path = NodePath("Armature/Skeleton3D:Thumb1.R")
tracks/45/interp = 0
tracks/45/loop_wrap = true
tracks/45/keys = PackedFloat32Array(0, 1, -0.447748, -0.750468, -0.0360157, 0.484791)
tracks/46/type = "rotation_3d"
tracks/46/imported = true
tracks/46/enabled = true
tracks/46/path = NodePath("Armature/Skeleton3D:Thumb2.R")
tracks/46/interp = 0
tracks/46/loop_wrap = true
tracks/46/keys = PackedFloat32Array(0, 1, -0.0428555, -0.0113836, -0.386024, 0.921423)
tracks/47/type = "rotation_3d"
tracks/47/imported = true
tracks/47/enabled = true
tracks/47/path = NodePath("Armature/Skeleton3D:Thumb3.R")
tracks/47/interp = 0
tracks/47/loop_wrap = true
tracks/47/keys = PackedFloat32Array(0, 1, 0.0782139, 0.0275498, -0.364632, 0.927452)
tracks/48/type = "rotation_3d"
tracks/48/imported = true
tracks/48/enabled = true
tracks/48/path = NodePath("Armature/Skeleton3D:ThumbControl.R")
tracks/48/interp = 0
tracks/48/loop_wrap = true
tracks/48/keys = PackedFloat32Array(0, 1, -0.447748, -0.750468, -0.0360158, 0.484791)
tracks/49/type = "scale_3d"
tracks/49/imported = true
tracks/49/enabled = true
tracks/49/path = NodePath("Armature/Skeleton3D:ThumbControl.R")
tracks/49/interp = 0
tracks/49/loop_wrap = true
tracks/49/keys = PackedFloat32Array(0, 1, 0.687571, 0.687571, 0.687571)
tracks/50/type = "rotation_3d"
tracks/50/imported = true
tracks/50/enabled = true
tracks/50/path = NodePath("Armature/Skeleton3D:IndexControl.R")
tracks/50/interp = 0
tracks/50/loop_wrap = true
tracks/50/keys = PackedFloat32Array(0, 1, -0.0145859, -0.121871, -0.0094213, 0.992394)
tracks/51/type = "scale_3d"
tracks/51/imported = true
tracks/51/enabled = true
tracks/51/path = NodePath("Armature/Skeleton3D:IndexControl.R")
tracks/51/interp = 0
tracks/51/loop_wrap = true
tracks/51/keys = PackedFloat32Array(0, 1, 0.676262, 0.676261, 0.676262)
tracks/52/type = "rotation_3d"
tracks/52/imported = true
tracks/52/enabled = true
tracks/52/path = NodePath("Armature/Skeleton3D:MiddleControl.R")
tracks/52/interp = 0
tracks/52/loop_wrap = true
tracks/52/keys = PackedFloat32Array(0, 1, 0.205315, -0.0796302, -0.536996, 0.814334)
tracks/53/type = "scale_3d"
tracks/53/imported = true
tracks/53/enabled = true
tracks/53/path = NodePath("Armature/Skeleton3D:MiddleControl.R")
tracks/53/interp = 0
tracks/53/loop_wrap = true
tracks/53/keys = PackedFloat32Array(0, 1, 0.645508, 0.645508, 0.645508)
tracks/54/type = "rotation_3d"
tracks/54/imported = true
tracks/54/enabled = true
tracks/54/path = NodePath("Armature/Skeleton3D:RingControl.R")
tracks/54/interp = 0
tracks/54/loop_wrap = true
tracks/54/keys = PackedFloat32Array(0, 1, 0.126065, -0.098867, -0.485884, 0.859215)
tracks/55/type = "scale_3d"
tracks/55/imported = true
tracks/55/enabled = true
tracks/55/path = NodePath("Armature/Skeleton3D:RingControl.R")
tracks/55/interp = 0
tracks/55/loop_wrap = true
tracks/55/keys = PackedFloat32Array(0, 1, 0.573037, 0.573037, 0.573037)
tracks/56/type = "rotation_3d"
tracks/56/imported = true
tracks/56/enabled = true
tracks/56/path = NodePath("Armature/Skeleton3D:PinkyControl.R")
tracks/56/interp = 0
tracks/56/loop_wrap = true
tracks/56/keys = PackedFloat32Array(0, 1, 0.158254, -0.047978, -0.493823, 0.853694)
tracks/57/type = "scale_3d"
tracks/57/imported = true
tracks/57/enabled = true
tracks/57/path = NodePath("Armature/Skeleton3D:PinkyControl.R")
tracks/57/interp = 0
tracks/57/loop_wrap = true
tracks/57/keys = PackedFloat32Array(0, 1, 0.612427, 0.612427, 0.612427)
tracks/58/type = "position_3d"
tracks/58/imported = true
tracks/58/enabled = true
tracks/58/path = NodePath("Armature/Skeleton3D:Hand.Pole.L")
tracks/58/interp = 0
tracks/58/loop_wrap = true
tracks/58/keys = PackedFloat32Array(0, 1, 0.320332, -0.423425, -0.218908)
tracks/59/type = "rotation_3d"
tracks/59/imported = true
tracks/59/enabled = true
tracks/59/path = NodePath("Armature/Skeleton3D:Hand.Pole.L")
tracks/59/interp = 1
tracks/59/loop_wrap = true
tracks/59/keys = PackedFloat32Array(0, 1, 0.312456, 0.298132, 0.525882, 0.73276, 0.0666667, 1, 0.312456, 0.298132, 0.525882, 0.73276, 0.1, 1, 0.30695, 0.300641, 0.542526, 0.721846, 0.133333, 1, 0.299467, 0.30553, 0.550138, 0.71716, 0.166667, 1, 0.297261, 0.307391, 0.548736, 0.718356, 0.2, 1, 0.288867, 0.314566, 0.541971, 0.72379, 0.233333, 1, 0.303495, 0.304565, 0.530941, 0.730228, 0.266667, 1, 0.312456, 0.298132, 0.525882, 0.73276)
tracks/60/type = "position_3d"
tracks/60/imported = true
tracks/60/enabled = true
tracks/60/path = NodePath("Armature/Skeleton3D:Hand.Pole.R")
tracks/60/interp = 0
tracks/60/loop_wrap = true
tracks/60/keys = PackedFloat32Array(0, 1, -0.360981, -0.110429, -0.226244)
tracks/61/type = "rotation_3d"
tracks/61/imported = true
tracks/61/enabled = true
tracks/61/path = NodePath("Armature/Skeleton3D:Hand.Pole.R")
tracks/61/interp = 1
tracks/61/loop_wrap = true
tracks/61/keys = PackedFloat32Array(0, 1, 0.0663648, -0.622323, -0.73517, 0.260451, 0.0666667, 1, 0.0663648, -0.622323, -0.73517, 0.260451, 0.1, 1, -0.211891, -0.656844, -0.723249, 0.0238704, 0.133333, 1, 0.345252, 0.644225, 0.676072, 0.0932858, 0.166667, 1, 0.290688, 0.652672, 0.698295, 0.043622, 0.2, 1, -0.0942958, -0.654044, -0.739266, 0.129693, 0.233333, 1, 0.0261017, -0.633018, -0.739097, 0.228784, 0.266667, 1, 0.0663648, -0.622323, -0.73517, 0.260451)
tracks/62/type = "position_3d"
tracks/62/imported = true
tracks/62/enabled = true
tracks/62/path = NodePath("GunArmature/Skeleton3D:gRoot")
tracks/62/interp = 1
tracks/62/loop_wrap = true
tracks/62/keys = PackedFloat32Array(0, 1, -0.12944, -0.143412, 0.497161, 0.0666667, 1, -0.12944, -0.143412, 0.497161, 0.1, 1, -0.12944, -0.143412, 0.465241, 0.133333, 1, -0.12944, -0.143412, 0.45, 0.166667, 1, -0.12944, -0.143412, 0.453158, 0.2, 1, -0.12944, -0.143412, 0.465715, 0.233333, 1, -0.12944, -0.143412, 0.487065, 0.266667, 1, -0.12944, -0.143412, 0.497161)
tracks/63/type = "rotation_3d"
tracks/63/imported = true
tracks/63/enabled = true
tracks/63/path = NodePath("GunArmature/Skeleton3D:gRoot")
tracks/63/interp = 1
tracks/63/loop_wrap = true
tracks/63/keys = PackedFloat32Array(0, 1, 0.5, -0.5, -0.5, 0.5, 0.0666667, 1, 0.5, -0.5, -0.5, 0.5, 0.1, 1, 0.46049, -0.536609, -0.46049, 0.536609, 0.133333, 1, 0.447453, -0.547527, -0.447453, 0.547527, 0.166667, 1, 0.455003, -0.541269, -0.455003, 0.541269, 0.2, 1, 0.485231, -0.514345, -0.485232, 0.514345, 0.233333, 1, 0.497581, -0.502408, -0.497581, 0.502408, 0.266667, 1, 0.5, -0.5, -0.5, 0.5)
tracks/64/type = "position_3d"
tracks/64/imported = true
tracks/64/enabled = true
tracks/64/path = NodePath("GunArmature/Skeleton3D:gSlide")
tracks/64/interp = 1
tracks/64/loop_wrap = true
tracks/64/keys = PackedFloat32Array(0, 1, -0.0666314, -0.010963, -3.43524e-08, 0.0333333, 1, -0.0666314, -0.010963, -3.43524e-08, 0.0666667, 1, -0.0666314, -0.060963, -4.78627e-08, 0.1, 1, -0.0666314, -0.0530158, -3.0117e-08, 0.133333, 1, -0.0666314, -0.010963, -3.71713e-08, 0.266667, 1, -0.0666314, -0.010963, -3.43524e-08)

[sub_resource type="Animation" id="Animation_e0o8k"]
resource_name = "Idle"
length = 0.0333333
loop_mode = 1
tracks/0/type = "position_3d"
tracks/0/imported = true
tracks/0/enabled = true
tracks/0/path = NodePath("Armature/Skeleton3D:Arm.L")
tracks/0/interp = 0
tracks/0/loop_wrap = true
tracks/0/keys = PackedFloat32Array(0, 1, 0.0303654, -0.0592858, 0.137657)
tracks/1/type = "rotation_3d"
tracks/1/imported = true
tracks/1/enabled = true
tracks/1/path = NodePath("Armature/Skeleton3D:Arm.L")
tracks/1/interp = 0
tracks/1/loop_wrap = true
tracks/1/keys = PackedFloat32Array(0, 1, 0.348198, -0.398355, -0.0591588, 0.846506)
tracks/2/type = "rotation_3d"
tracks/2/imported = true
tracks/2/enabled = true
tracks/2/path = NodePath("Armature/Skeleton3D:Forearm.L")
tracks/2/interp = 0
tracks/2/loop_wrap = true
tracks/2/keys = PackedFloat32Array(0, 1, 0.012494, -0.40001, 0.409079, 0.820055)
tracks/3/type = "rotation_3d"
tracks/3/imported = true
tracks/3/enabled = true
tracks/3/path = NodePath("Armature/Skeleton3D:Hand.L")
tracks/3/interp = 0
tracks/3/loop_wrap = true
tracks/3/keys = PackedFloat32Array(0, 1, -0.0688942, 0.0847323, -0.000434425, 0.994019)
tracks/4/type = "rotation_3d"
tracks/4/imported = true
tracks/4/enabled = true
tracks/4/path = NodePath("Armature/Skeleton3D:Index1.L")
tracks/4/interp = 0
tracks/4/loop_wrap = true
tracks/4/keys = PackedFloat32Array(0, 1, 0.0574504, 0.113838, 0.178246, 0.975689)
tracks/5/type = "rotation_3d"
tracks/5/imported = true
tracks/5/enabled = true
tracks/5/path = NodePath("Armature/Skeleton3D:Index2.L")
tracks/5/interp = 0
tracks/5/loop_wrap = true
tracks/5/keys = PackedFloat32Array(0, 1, 0.0194193, -0.006164, 0.389453, 0.920821)
tracks/6/type = "rotation_3d"
tracks/6/imported = true
tracks/6/enabled = true
tracks/6/path = NodePath("Armature/Skeleton3D:Index3.L")
tracks/6/interp = 0
tracks/6/loop_wrap = true
tracks/6/keys = PackedFloat32Array(0, 1, 0.0313266, -0.0152418, 0.426752, 0.903698)
tracks/7/type = "rotation_3d"
tracks/7/imported = true
tracks/7/enabled = true
tracks/7/path = NodePath("Armature/Skeleton3D:Middle1.L")
tracks/7/interp = 0
tracks/7/loop_wrap = true
tracks/7/keys = PackedFloat32Array(0, 1, 0.106416, 0.101413, 0.215012, 0.965485)
tracks/8/type = "rotation_3d"
tracks/8/imported = true
tracks/8/enabled = true
tracks/8/path = NodePath("Armature/Skeleton3D:Middle2.L")
tracks/8/interp = 0
tracks/8/loop_wrap = true
tracks/8/keys = PackedFloat32Array(0, 1, -0.0103358, 0.0168759, 0.367397, 0.929854)
tracks/9/type = "rotation_3d"
tracks/9/imported = true
tracks/9/enabled = true
tracks/9/path = NodePath("Armature/Skeleton3D:Middle3.L")
tracks/9/interp = 0
tracks/9/loop_wrap = true
tracks/9/keys = PackedFloat32Array(0, 1, -0.0157438, -0.0232023, 0.392128, 0.919483)
tracks/10/type = "rotation_3d"
tracks/10/imported = true
tracks/10/enabled = true
tracks/10/path = NodePath("Armature/Skeleton3D:Ring1.L")
tracks/10/interp = 0
tracks/10/loop_wrap = true
tracks/10/keys = PackedFloat32Array(0, 1, 0.14206, 0.113582, 0.258456, 0.948746)
tracks/11/type = "rotation_3d"
tracks/11/imported = true
tracks/11/enabled = true
tracks/11/path = NodePath("Armature/Skeleton3D:Ring2.L")
tracks/11/interp = 0
tracks/11/loop_wrap = true
tracks/11/keys = PackedFloat32Array(0, 1, 0.0151235, 0.0152322, 0.214218, 0.97655)
tracks/12/type = "rotation_3d"
tracks/12/imported = true
tracks/12/enabled = true
tracks/12/path = NodePath("Armature/Skeleton3D:Ring3.L")
tracks/12/interp = 0
tracks/12/loop_wrap = true
tracks/12/keys = PackedFloat32Array(0, 1, 0.0129928, -0.01091, 0.383167, 0.923523)
tracks/13/type = "rotation_3d"
tracks/13/imported = true
tracks/13/enabled = true
tracks/13/path = NodePath("Armature/Skeleton3D:Pinky1.L")
tracks/13/interp = 0
tracks/13/loop_wrap = true
tracks/13/keys = PackedFloat32Array(0, 1, 0.151334, 0.0844371, 0.301945, 0.937442)
tracks/14/type = "rotation_3d"
tracks/14/imported = true
tracks/14/enabled = true
tracks/14/path = NodePath("Armature/Skeleton3D:Pinky2.L")
tracks/14/interp = 0
tracks/14/loop_wrap = true
tracks/14/keys = PackedFloat32Array(0, 1, 0.0235453, 0.00438329, 0.155281, 0.98758)
tracks/15/type = "rotation_3d"
tracks/15/imported = true
tracks/15/enabled = true
tracks/15/path = NodePath("Armature/Skeleton3D:Pinky3.L")
tracks/15/interp = 0
tracks/15/loop_wrap = true
tracks/15/keys = PackedFloat32Array(0, 1, 0.00573318, -0.00757755, 0.14181, 0.989848)
tracks/16/type = "rotation_3d"
tracks/16/imported = true
tracks/16/enabled = true
tracks/16/path = NodePath("Armature/Skeleton3D:Thumb1.L")
tracks/16/interp = 0
tracks/16/loop_wrap = true
tracks/16/keys = PackedFloat32Array(0, 1, -0.206263, 0.63722, 0.092483, 0.736786)
tracks/17/type = "rotation_3d"
tracks/17/imported = true
tracks/17/enabled = true
tracks/17/path = NodePath("Armature/Skeleton3D:Thumb2.L")
tracks/17/interp = 0
tracks/17/loop_wrap = true
tracks/17/keys = PackedFloat32Array(0, 1, -0.0442703, -0.00251373, 0.0802114, 0.995791)
tracks/18/type = "rotation_3d"
tracks/18/imported = true
tracks/18/enabled = true
tracks/18/path = NodePath("Armature/Skeleton3D:Thumb3.L")
tracks/18/interp = 0
tracks/18/loop_wrap = true
tracks/18/keys = PackedFloat32Array(0, 1, 0.0829034, -0.00185019, 0.0580059, 0.994866)
tracks/19/type = "rotation_3d"
tracks/19/imported = true
tracks/19/enabled = true
tracks/19/path = NodePath("Armature/Skeleton3D:ThumbControl.L")
tracks/19/interp = 0
tracks/19/loop_wrap = true
tracks/19/keys = PackedFloat32Array(0, 1, -0.206263, 0.637219, 0.0924831, 0.736786)
tracks/20/type = "scale_3d"
tracks/20/imported = true
tracks/20/enabled = true
tracks/20/path = NodePath("Armature/Skeleton3D:ThumbControl.L")
tracks/20/interp = 0
tracks/20/loop_wrap = true
tracks/20/keys = PackedFloat32Array(0, 1, 0.989665, 0.989665, 0.989665)
tracks/21/type = "rotation_3d"
tracks/21/imported = true
tracks/21/enabled = true
tracks/21/path = NodePath("Armature/Skeleton3D:IndexControl.L")
tracks/21/interp = 0
tracks/21/loop_wrap = true
tracks/21/keys = PackedFloat32Array(0, 1, 0.0574503, 0.113838, 0.178246, 0.975689)
tracks/22/type = "scale_3d"
tracks/22/imported = true
tracks/22/enabled = true
tracks/22/path = NodePath("Armature/Skeleton3D:IndexControl.L")
tracks/22/interp = 0
tracks/22/loop_wrap = true
tracks/22/keys = PackedFloat32Array(0, 1, 0.74114, 0.74114, 0.74114)
tracks/23/type = "rotation_3d"
tracks/23/imported = true
tracks/23/enabled = true
tracks/23/path = NodePath("Armature/Skeleton3D:MiddleControl.L")
tracks/23/interp = 0
tracks/23/loop_wrap = true
tracks/23/keys = PackedFloat32Array(0, 1, 0.106416, 0.101413, 0.215012, 0.965485)
tracks/24/type = "scale_3d"
tracks/24/imported = true
tracks/24/enabled = true
tracks/24/path = NodePath("Armature/Skeleton3D:MiddleControl.L")
tracks/24/interp = 0
tracks/24/loop_wrap = true
tracks/24/keys = PackedFloat32Array(0, 1, 0.736982, 0.736982, 0.736982)
tracks/25/type = "rotation_3d"
tracks/25/imported = true
tracks/25/enabled = true
tracks/25/path = NodePath("Armature/Skeleton3D:RingControl.L")
tracks/25/interp = 0
tracks/25/loop_wrap = true
